world: w_obsidian_the_end
x: 100.41243352730459
y: 49.0
z: 0.6693078031116299
yaw: 4.083008
pitch: 88.79999
name: ending
lastowner: UUID
