world: w_obsidian
x: -847.006734352177
y: 68.0
z: -1871.4334817111817
yaw: -272.60864
pitch: 26.551481
name: falu-dual
lastowner: UUID
