world: w_obsidian
x: 1184.0770732505464
y: 83.0
z: 207.17182379008415
yaw: -0.28555298
pitch: 18.299683
name: louvre
lastowner: UUID
