world: w_obsidian_nether
x: -1051.4697946207611
y: 54.0
z: 778.3460634125646
yaw: -183.73682
pitch: 11.699225
name: p-nether-fortress
lastowner: UUID
