world: w_obsidian_nether
x: -522.2986658546815
y: 75.0
z: 216.85082390044306
yaw: -50.315063
pitch: 22.799551
name: p-nether-clearing
lastowner: UUID
