world: w_obsidian
x: -681.5
y: 73.0
z: 1336.5
yaw: 128.08798
pitch: 33.749664
name: p-stronghold-s-sw
lastowner: UUID
