world: w_obsidian
x: -546.5076230005611
y: 66.0
z: -1017.0366752681748
yaw: 147.4513
pitch: 19.05002
name: p-telek-ad
lastowner: UUID
