world: w_obsidian
x: 404.5
y: 70.0
z: 873.5
yaw: 325.24496
pitch: 21.300014
name: p-telek-gygy
lastowner: UUID
