world: w_obsidian
x: -445.4317115294133
y: 73.0
z: -1021.4743279411804
yaw: -88.061455
pitch: 89.85
name: p-tradepost-ad
lastowner: UUID
