world: w_obsidian
x: 27233.637522280205
y: 66.5
z: -4605.667365906261
yaw: 179.0967
pitch: 88.34998
name: p-woodland-mansion-east
lastowner: UUID
