world: w_obsidian
x: 144.48672450624375
y: 75.0
z: 356.6368092800514
yaw: 269.75073
pitch: 86.100075
name: spawnfalu
lastowner: UUID
